%YAML:1.0

#--------------------------------------------------------------------------------------------
# System config
#--------------------------------------------------------------------------------------------

# When the variables are commented, the system doesn't load a previous session or not store the current one

# If the LoadFile doesn't exist, the system give a message and create a new Atlas from scratch
#System.LoadAtlasFromFile: "Session_MH01_MH02_MH03_Stereo60_Pseudo"

# The store file is created from the current session, if a file with the same name exists it is deleted
#System.SaveAtlasToFile: "Session_MH01_MH02_MH03_Stereo60_Pseudo"

#--------------------------------------------------------------------------------------------
# Camera Parameters. Adjust them!
#--------------------------------------------------------------------------------------------
File.version: "1.0"

Camera.type: "PinHole"

# Camera calibration and distortion parameters (OpenCV) 
Camera1.fx: 758.3153257832925
Camera1.fy: 676.6492212772476
Camera1.cx: 318.27111164892506
Camera1.cy: 239.79816832491474

Camera1.k1: -0.059098218173967695
Camera1.k2: 0.1793477408661115
Camera1.p1: 0.0016819528105368057
Camera1.p2: -0.0005887999624264534

# Camera2.fx: 457.587
# Camera2.fy: 456.134
# Camera2.cx: 379.999
# Camera2.cy: 255.238

# Camera2.k1: -0.28368365
# Camera2.k2: 0.07451284
# Camera2.p1: -0.00010473
# Camera2.p2: -3.55590700e-05

Camera.width: 640
Camera.height: 480

# Camera frames per second 
Camera.fps: 24

# Color order of the images (0: BGR, 1: RGB. It is ignored if images are grayscale)
Camera.RGB: 1

# Close/Far threshold. Baseline times.
# Stereo.ThDepth: 60.0
# Stereo.T_c1_c2: !!opencv-matrix
#   rows: 4
#   cols: 4
#   dt: f
#   data: [0.999997256477797,-0.002317135723275,-0.000343393120620,0.110074137800478,
#          0.002312067192432,0.999898048507103,-0.014090668452683,-0.000156612054392,
#          0.000376008102320,0.014089835846691,0.999900662638081,0.000889382785432,
#          0,0,0,1.000000000000000]

# Transformation from camera 0 to body-frame (imu)
IMU.T_b_c1: !!opencv-matrix
  rows: 4
  cols: 4
  dt: f
  # data: [-0.04279531, -0.00237969,  0.99908103,  0.19499356,
  #       -0.99880330, -0.02359508, -0.04283961,  0.04340662,
  #       0.02367534, -0.99971877, -0.00136708, -0.01782382,
  #       0.00000000,  0.00000000,  0.00000000,  1.00000000]


  data: [  0.9988,    0.0236,    0.0428,   -0.0434,
        -0.0428,   -0.0024,    0.9991,    0.1950,
          0.0237,   -0.9997,   -0.0014,   -0.0178,
          0.0000,    0.0000,    0.0000,    1.0000]

# IMU noise
IMU.NoiseGyro: 1.7e-04 # 1.6968e-04
IMU.NoiseAcc: 2.0e-03 # 2.0000e-3
IMU.GyroWalk: 1.9393e-05
IMU.AccWalk: 3.e-03 # 3.0000e-3
IMU.Frequency: 200.0

#--------------------------------------------------------------------------------------------
# ORB Parameters
#--------------------------------------------------------------------------------------------

# ORB Extractor: Number of features per image
ORBextractor.nFeatures: 2400

# ORB Extractor: Scale factor between levels in the scale pyramid 	
ORBextractor.scaleFactor: 1.2

# ORB Extractor: Number of levels in the scale pyramid	
ORBextractor.nLevels: 8

# ORB Extractor: Fast threshold
# Image is divided in a grid. At each cell FAST are extracted imposing a minimum response.
# Firstly we impose iniThFAST. If no corners are detected we impose a lower value minThFAST
# You can lower these values if your images have low contrast			
ORBextractor.iniThFAST: 20
ORBextractor.minThFAST: 7

#--------------------------------------------------------------------------------------------
# Viewer Parameters
#--------------------------------------------------------------------------------------------
Viewer.KeyFrameSize: 0.05
Viewer.KeyFrameLineWidth: 1.0
Viewer.GraphLineWidth: 0.9
Viewer.PointSize: 2.0
Viewer.CameraSize: 0.08
Viewer.CameraLineWidth: 3.0
Viewer.ViewpointX: 0.0
Viewer.ViewpointY: -0.7
Viewer.ViewpointZ: -1.8
Viewer.ViewpointF: 500.0
Viewer.imageViewScale: 1.0
